31251208958817000340550550001998751029124206
31260108958817000340550550002054061029535107
31260108958817000340550550002036091029383106
31251208958817000340550550001994901029086554
31251008958817000340550550001907471028470340
31251208958817000340550550002000481029133424
31251008958817000340550550001909171028472123
31260108958817000340550550002065721029604147
31260108958817000340550550002068141029617900
31260108958817000340550550002044371029455733
31251208958817000340550550002027451029328042
31251208958817000340550550002012651029220617
31260108958817000340550550002057811029545936
31260108958817000340550550002066241029604668
31251208958817000340550550002001861029135032
